January
0.00
0.00
0.50
0.20
0.00
0.20
   T
0.00
0.00
0.00
   T
0.75
   T
   T
0.00
0.00
0.00
0.60
0.00
0.00
0.08
   T
0.65
0.48
0.00
0.21
0.01
0.00
0.05
   T
0.00
February
0.04
0.09
0.00
0.00
0.00
0.00
0.00
0.00
0.07
0.02
0.00
   T
0.00
   T
0.00
0.29
0.23
   T
   T
0.00
0.70
0.10
0.00
0.00
0.00
0.14
   T
0.00
March
0.51
0.00
0.04
0.34
0.87
0.00
0.00
0.00
0.00
0.44
   T
0.00
0.01
0.60
0.00
0.00
0.00
0.00
0.00
0.49
0.00
0.00
0.00
0.00
   T
0.35
0.36
0.00
0.00
0.02
0.01
April
0.00
0.19
0.05
0.00
0.00
0.17
0.13
0.04
0.01
0.00
0.00
0.00
0.64
   T
0.04
0.03
0.00
0.37
0.77
0.16
   T
0.00
0.00
0.27
0.00
